estimating workload which takes just one milisecond
end estimation
4	2	1
4	3	2
4	5	3
4	7	4
4	8	5
4	10	6
4	11	7
4	13	8
4	15	9
4	16	10
4	18	11
4	19	12
4	21	13
4	23	14
4	24	15
4	26	16
4	27	17
4	29	18
4	31	19
4	32	20
4	34	21
4	35	22
4	37	23
4	39	24
4	40	25
4	42	26
4	43	27
4	45	28
4	47	29
4	48	30
4	50	31
4	51	32
4	53	33
4	55	34
4	56	35
4	58	36
4	59	37
4	61	38
4	63	39
4	64	40
4	66	41
4	68	42
4	69	43
4	71	44
4	72	45
4	74	46
4	76	47
4	77	48
4	79	49
4	80	50
4	82	51
4	84	52
4	85	53
4	87	54
4	88	55
4	90	56
4	92	57
4	93	58
4	95	59
4	96	60
4	98	61
4	100	62
4	101	63
4	103	64
4	104	65
4	106	66
4	108	67
4	109	68
4	111	69
4	112	70
4	114	71
4	116	72
4	117	73
4	119	74
4	120	75
4	122	76
4	124	77
4	125	78
4	127	79
4	128	80
4	130	81
4	132	82
4	133	83
4	135	84
4	136	85
4	138	86
4	140	87
4	141	88
4	143	89
4	145	90
4	146	91
4	148	92
4	149	93
4	151	94
4	153	95
4	154	96
4	156	97
4	157	98
4	159	99
4	161	100
estimating workload which takes just one milisecond
end estimation
3	2	1
3	3	2
3	5	3
3	6	4
3	8	5
3	10	6
3	23	7
3	25	8
3	26	9
3	28	10
3	30	11
3	31	12
3	33	13
3	47	14
3	48	15
3	50	16
3	51	17
3	53	18
3	55	19
3	56	20
3	70	21
3	72	22
3	73	23
3	75	24
3	76	25
3	78	26
3	80	27
3	81	28
3	95	29
3	97	30
3	98	31
3	100	32
3	101	33
3	103	34
3	105	35
3	118	36
3	120	37
3	121	38
3	123	39
3	125	40
3	126	41
3	128	42
3	130	43
3	143	44
3	145	45
3	146	46
3	148	47
3	150	48
3	151	49
3	153	50
3	162	51
3	163	52
3	165	53
3	166	54
3	168	55
3	170	56
3	171	57
3	173	58
3	174	59
3	176	60
3	178	61
3	179	62
3	181	63
3	182	64
3	184	65
3	186	66
3	187	67
3	189	68
3	191	69
3	192	70
3	194	71
3	195	72
3	197	73
3	199	74
3	200	75
3	202	76
3	203	77
3	205	78
3	207	79
3	208	80
3	210	81
3	211	82
3	213	83
3	215	84
3	216	85
3	218	86
3	219	87
3	221	88
3	223	89
3	224	90
3	226	91
3	227	92
3	229	93
3	231	94
3	232	95
3	234	96
3	235	97
3	237	98
3	239	99
3	240	100
estimating workload which takes just one milisecond
end estimation
5	11	1
5	13	2
5	15	3
5	16	4
5	18	5
5	20	6
5	21	7
5	35	8
5	36	9
5	38	10
5	40	11
5	41	12
5	43	13
5	44	14
5	58	15
5	60	16
5	61	17
5	63	18
5	65	19
5	66	20
5	68	21
5	69	22
5	83	23
5	85	24
5	86	25
5	88	26
5	90	27
5	91	28
5	93	29
5	106	30
5	108	31
5	110	32
5	111	33
5	113	34
5	114	35
5	116	36
5	118	37
5	131	38
5	133	39
5	135	40
5	136	41
5	138	42
5	140	43
5	141	44
5	155	45
5	156	46
5	158	47
5	160	48
5	161	49
5	163	50
5	164	51
5	166	52
5	168	53
5	169	54
5	171	55
5	172	56
5	174	57
5	176	58
5	177	59
5	179	60
5	181	61
5	182	62
5	184	63
5	185	64
5	187	65
5	189	66
5	190	67
5	192	68
5	194	69
5	195	70
5	197	71
5	198	72
5	200	73
5	202	74
5	203	75
5	205	76
5	207	77
5	208	78
5	210	79
5	211	80
5	213	81
5	215	82
5	216	83
5	218	84
5	220	85
5	221	86
5	223	87
5	224	88
5	226	89
5	228	90
5	229	91
5	231	92
5	232	93
5	234	94
5	236	95
5	237	96
5	239	97
5	241	98
5	242	99
5	244	100
estimating workload which takes just one milisecond
end estimation
6	11	1
6	12	2
6	13	3
6	15	4
6	16	5
6	17	6
6	34	7
6	36	8
6	37	9
6	38	10
6	39	11
6	40	12
6	42	13
6	59	14
6	60	15
6	61	16
6	63	17
6	64	18
6	65	19
6	78	20
6	80	21
6	81	22
6	82	23
6	83	24
6	85	25
6	86	26
6	87	27
6	88	28
6	89	29
6	103	30
6	104	31
6	105	32
6	106	33
6	108	34
6	109	35
6	110	36
6	111	37
6	113	38
6	126	39
6	127	40
6	128	41
6	130	42
6	131	43
6	132	44
6	133	45
6	135	46
6	136	47
6	137	48
6	138	49
6	139	50
6	141	51
6	154	52
6	155	53
6	156	54
6	158	55
6	159	56
6	160	57
6	161	58
6	163	59
6	164	60
6	165	61
6	178	62
6	179	63
6	181	64
6	182	65
6	183	66
6	184	67
6	185	68
6	187	69
6	188	70
6	189	71
6	210	72
6	212	73
6	213	74
6	214	75
6	215	76
6	216	77
6	218	78
6	235	79
6	236	80
6	237	81
6	239	82
6	240	83
6	241	84
6	242	85
6	243	86
6	245	87
6	246	88
6	247	89
6	248	90
6	249	91
6	251	92
6	252	93
6	253	94
6	254	95
6	256	96
6	257	97
6	258	98
6	259	99
6	260	100
estimating workload which takes just one milisecond
end estimation
1	1	1
1	2	2
1	4	3
1	5	4
1	6	5
1	7	6
1	8	7
1	10	8
1	27	9
1	28	10
1	29	11
1	31	12
1	32	13
1	33	14
1	50	15
1	51	16
1	53	17
1	54	18
1	55	19
1	56	20
1	58	21
1	67	22
1	68	23
1	69	24
1	71	25
1	72	26
1	73	27
1	74	28
1	75	29
1	77	30
1	90	31
1	91	32
1	92	33
1	94	34
1	95	35
1	96	36
1	97	37
1	98	38
1	100	39
1	101	40
1	114	41
1	115	42
1	116	43
1	118	44
1	119	45
1	120	46
1	121	47
1	123	48
1	124	49
1	125	50
1	142	51
1	144	52
1	145	53
1	146	54
1	147	55
1	148	56
1	150	57
1	151	58
1	152	59
1	153	60
1	167	61
1	168	62
1	169	63
1	170	64
1	171	65
1	173	66
1	174	67
1	175	68
1	176	69
1	177	70
1	191	71
1	192	72
1	193	73
1	195	74
1	196	75
1	197	76
1	198	77
1	199	78
1	201	79
1	218	80
1	219	81
1	220	82
1	221	83
1	223	84
1	224	85
1	225	86
1	241	87
1	243	88
1	244	89
1	246	90
1	248	91
1	249	92
1	251	93
1	252	94
1	254	95
1	256	96
1	257	97
1	259	98
1	260	99
1	262	100
estimating workload which takes just one milisecond
end estimation
0	1	1
0	2	2
0	4	3
0	5	4
0	6	5
0	7	6
0	9	7
0	10	8
0	23	9
0	24	10
0	25	11
0	27	12
0	28	13
0	29	14
0	30	15
0	32	16
0	33	17
0	46	18
0	47	19
0	48	20
0	50	21
0	51	22
0	52	23
0	53	24
0	54	25
0	56	26
0	57	27
0	74	28
0	75	29
0	77	30
0	78	31
0	79	32
0	80	33
0	82	34
0	99	35
0	100	36
0	101	37
0	103	38
0	104	39
0	105	40
0	122	41
0	123	42
0	125	43
0	126	44
0	127	45
0	128	46
0	130	47
0	147	48
0	148	49
0	149	50
0	151	51
0	152	52
0	153	53
0	170	54
0	171	55
0	173	56
0	174	57
0	175	58
0	176	59
0	177	60
0	195	61
0	196	62
0	197	63
0	198	64
0	200	65
0	201	66
0	202	67
0	203	68
0	205	69
0	218	70
0	219	71
0	220	72
0	221	73
0	223	74
0	224	75
0	225	76
0	226	77
0	228	78
0	229	79
0	242	80
0	243	81
0	244	82
0	246	83
0	247	84
0	248	85
0	249	86
0	251	87
0	252	88
0	253	89
0	261	90
0	263	91
0	264	92
0	265	93
0	266	94
0	267	95
0	269	96
0	271	97
0	272	98
0	273	99
0	274	100
estimating workload which takes just one milisecond
end estimation
2	11	1
2	12	2
2	14	3
2	15	4
2	16	5
2	17	6
2	18	7
2	20	8
2	21	9
2	34	10
2	35	11
2	37	12
2	38	13
2	39	14
2	40	15
2	41	16
2	43	17
2	44	18
2	45	19
2	58	20
2	60	21
2	61	22
2	62	23
2	63	24
2	65	25
2	82	26
2	83	27
2	84	28
2	86	29
2	87	30
2	88	31
2	89	32
2	107	33
2	108	34
2	109	35
2	110	36
2	111	37
2	113	38
2	130	39
2	131	40
2	132	41
2	134	42
2	135	43
2	136	44
2	137	45
2	154	46
2	156	47
2	157	48
2	158	49
2	159	50
2	160	51
2	162	52
2	179	53
2	180	54
2	181	55
2	183	56
2	184	57
2	185	58
2	202	59
2	203	60
2	205	61
2	206	62
2	207	63
2	208	64
2	210	65
2	227	66
2	228	67
2	229	68
2	230	69
2	232	70
2	233	71
2	245	72
2	246	73
2	248	74
2	249	75
2	251	76
2	253	77
2	254	78
2	256	79
2	257	80
2	259	81
2	261	82
2	262	83
2	264	84
2	265	85
2	266	86
2	267	87
2	268	88
2	270	89
2	271	90
2	272	91
2	274	92
2	275	93
2	276	94
2	277	95
2	279	96
2	280	97
2	281	98
2	282	99
2	284	100
estimating workload which takes just one milisecond
end estimation
7	19	1
7	20	2
7	21	3
7	23	4
7	24	5
7	25	6
7	42	7
7	44	8
7	45	9
7	46	10
7	47	11
7	48	12
7	50	13
7	67	14
7	68	15
7	69	16
7	71	17
7	72	18
7	73	19
7	90	20
7	92	21
7	93	22
7	94	23
7	95	24
7	97	25
7	114	26
7	115	27
7	116	28
7	118	29
7	119	30
7	120	31
7	121	32
7	138	33
7	140	34
7	141	35
7	142	36
7	143	37
7	145	38
7	162	39
7	163	40
7	164	41
7	165	42
7	167	43
7	168	44
7	169	45
7	186	46
7	188	47
7	189	48
7	190	49
7	191	50
7	193	51
7	194	52
7	207	53
7	208	54
7	209	55
7	211	56
7	212	57
7	213	58
7	214	59
7	216	60
7	217	61
7	230	62
7	231	63
7	232	64
7	234	65
7	235	66
7	236	67
7	237	68
7	239	69
7	240	70
7	241	71
7	254	72
7	256	73
7	257	74
7	258	75
7	259	76
7	261	77
7	262	78
7	263	79
7	264	80
7	265	81
7	267	82
7	268	83
7	269	84
7	271	85
7	272	86
7	273	87
7	274	88
7	275	89
7	277	90
7	278	91
7	279	92
7	280	93
7	282	94
7	283	95
7	284	96
7	285	97
7	287	98
7	288	99
7	289	100
estimating workload which takes just one milisecond
end estimation
